{
 "cells": [
  {
   "cell_type": "markdown",
   "metadata": {
    "collapsed": true,
    "deletable": true,
    "editable": true
   },
   "source": [
    "Ex1."
   ]
  },
  {
   "cell_type": "code",
   "execution_count": 1,
   "metadata": {
    "collapsed": false,
    "deletable": true,
    "editable": true
   },
   "outputs": [
    {
     "name": "stdout",
     "output_type": "stream",
     "text": [
      "1 1 1\n",
      "1 2 2\n",
      "1 3 3\n",
      "1 4 4\n",
      "1 5 5\n",
      "\n",
      "2 1 2\n",
      "2 2 4\n",
      "2 3 6\n",
      "2 4 8\n",
      "2 5 10\n",
      "\n",
      "3 1 3\n",
      "3 2 6\n",
      "3 3 9\n",
      "3 4 12\n",
      "3 5 15\n",
      "\n"
     ]
    }
   ],
   "source": [
    "for j in range(1,4):\n",
    "    for k in range(1,6):\n",
    "        print(j,k,j*k)\n",
    "    print()"
   ]
  },
  {
   "cell_type": "markdown",
   "metadata": {
    "deletable": true,
    "editable": true
   },
   "source": [
    "Ex2. Sol1."
   ]
  },
  {
   "cell_type": "code",
   "execution_count": 2,
   "metadata": {
    "collapsed": false,
    "deletable": true,
    "editable": true
   },
   "outputs": [
    {
     "name": "stdout",
     "output_type": "stream",
     "text": [
      "[1, 2, 3, 4, 5, 6, 7, 8, 9]\n",
      "[2, 4, 6, 8, 10, 12, 14, 16, 18]\n",
      "[3, 6, 9, 12, 15, 18, 21, 24, 27]\n",
      "[4, 8, 12, 16, 20, 24, 28, 32, 36]\n",
      "[5, 10, 15, 20, 25, 30, 35, 40, 45]\n",
      "[6, 12, 18, 24, 30, 36, 42, 48, 54]\n",
      "[7, 14, 21, 28, 35, 42, 49, 56, 63]\n",
      "[8, 16, 24, 32, 40, 48, 56, 64, 72]\n",
      "[9, 18, 27, 36, 45, 54, 63, 72, 81]\n"
     ]
    }
   ],
   "source": [
    "for i in range(1,10):\n",
    "    lst=[]\n",
    "    for j in range(1,10):\n",
    "        lst.append(i*j)\n",
    "    print(lst)"
   ]
  },
  {
   "cell_type": "markdown",
   "metadata": {
    "deletable": true,
    "editable": true
   },
   "source": [
    "Ex2. Sol2."
   ]
  },
  {
   "cell_type": "code",
   "execution_count": 3,
   "metadata": {
    "collapsed": false,
    "deletable": true,
    "editable": true
   },
   "outputs": [
    {
     "name": "stdout",
     "output_type": "stream",
     "text": [
      "[1, 2, 3, 4, 5, 6, 7, 8, 9]\n",
      "[2, 4, 6, 8, 10, 12, 14, 16, 18]\n",
      "[3, 6, 9, 12, 15, 18, 21, 24, 27]\n",
      "[4, 8, 12, 16, 20, 24, 28, 32, 36]\n",
      "[5, 10, 15, 20, 25, 30, 35, 40, 45]\n",
      "[6, 12, 18, 24, 30, 36, 42, 48, 54]\n",
      "[7, 14, 21, 28, 35, 42, 49, 56, 63]\n",
      "[8, 16, 24, 32, 40, 48, 56, 64, 72]\n",
      "[9, 18, 27, 36, 45, 54, 63, 72, 81]\n"
     ]
    }
   ],
   "source": [
    "for i in range(1,10):\n",
    "    lst=[i*j for j in list(range(1,10))]\n",
    "    print(lst)"
   ]
  },
  {
   "cell_type": "markdown",
   "metadata": {
    "deletable": true,
    "editable": true
   },
   "source": [
    "Ex2. Sol3."
   ]
  },
  {
   "cell_type": "code",
   "execution_count": 4,
   "metadata": {
    "collapsed": false,
    "deletable": true,
    "editable": true
   },
   "outputs": [
    {
     "name": "stdout",
     "output_type": "stream",
     "text": [
      "[1, 2, 3, 4, 5, 6, 7, 8, 9]\n",
      "[2, 4, 6, 8, 10, 12, 14, 16, 18]\n",
      "[3, 6, 9, 12, 15, 18, 21, 24, 27]\n",
      "[4, 8, 12, 16, 20, 24, 28, 32, 36]\n",
      "[5, 10, 15, 20, 25, 30, 35, 40, 45]\n",
      "[6, 12, 18, 24, 30, 36, 42, 48, 54]\n",
      "[7, 14, 21, 28, 35, 42, 49, 56, 63]\n",
      "[8, 16, 24, 32, 40, 48, 56, 64, 72]\n",
      "[9, 18, 27, 36, 45, 54, 63, 72, 81]\n"
     ]
    }
   ],
   "source": [
    "lst=list(range(1,10))\n",
    "for k in range(1,10):\n",
    "        print(list(map( (lambda x:k*x) ,lst)))"
   ]
  },
  {
   "cell_type": "markdown",
   "metadata": {
    "deletable": true,
    "editable": true
   },
   "source": [
    "Ex2. Sol4."
   ]
  },
  {
   "cell_type": "code",
   "execution_count": 5,
   "metadata": {
    "collapsed": false,
    "deletable": true,
    "editable": true
   },
   "outputs": [
    {
     "name": "stdout",
     "output_type": "stream",
     "text": [
      "[ 1.  2.  3.  4.  5.  6.  7.  8.  9.]\n",
      "[  2.   4.   6.   8.  10.  12.  14.  16.  18.]\n",
      "[  3.   6.   9.  12.  15.  18.  21.  24.  27.]\n",
      "[  4.   8.  12.  16.  20.  24.  28.  32.  36.]\n",
      "[  5.  10.  15.  20.  25.  30.  35.  40.  45.]\n",
      "[  6.  12.  18.  24.  30.  36.  42.  48.  54.]\n",
      "[  7.  14.  21.  28.  35.  42.  49.  56.  63.]\n",
      "[  8.  16.  24.  32.  40.  48.  56.  64.  72.]\n",
      "[  9.  18.  27.  36.  45.  54.  63.  72.  81.]\n"
     ]
    }
   ],
   "source": [
    "import numpy as np\n",
    "for j in range(1,10):\n",
    "    print(j*np.linspace(1,9,9))"
   ]
  },
  {
   "cell_type": "code",
   "execution_count": null,
   "metadata": {
    "collapsed": true,
    "deletable": true,
    "editable": true
   },
   "outputs": [],
   "source": []
  }
 ],
 "metadata": {
  "kernelspec": {
   "display_name": "Python 3",
   "language": "python",
   "name": "python3"
  },
  "language_info": {
   "codemirror_mode": {
    "name": "ipython",
    "version": 3
   },
   "file_extension": ".py",
   "mimetype": "text/x-python",
   "name": "python",
   "nbconvert_exporter": "python",
   "pygments_lexer": "ipython3",
   "version": "3.6.0"
  }
 },
 "nbformat": 4,
 "nbformat_minor": 0
}
